-0.5982399430217539
-0.5971329362790222
-0.5964788856759743
-0.5962825787641477
-0.5965454528886366
-0.5972655833466767
-0.5974376992442068
-0.5980605411808023
-0.5971295529455186
-0.595651545610005
-0.5936373409582738
-0.5921017036745587
-0.5890559032300352
-0.5845223234246951
-0.5795343567121211
-0.5751288392407161
-0.5703383837936871
-0.5661985288593901
-0.5627400447742966
-0.5599886753223697
-0.5569649234191415
-0.5546913430963678
-0.5531849065303122
-0.5524568652188822
-0.5515126585019737
-0.5503593422658489
-0.5490055373051292
-0.5464613660797619
-0.5427458598342673
-0.5378868294136718
-0.5319206714013972
-0.524892105654044
-0.5188538399556105
-0.5138511600726781
-0.5079215768871137
-0.5011095293497903
-0.49346602322756955
-0.48504820507364654
-0.4759188720968691
-0.4661459202083333
-0.45580173442788274
-0.4449625279197328
-0.4337076380487906
-0.4231187898455615
-0.4132721805011334
-0.4052379956344118
-0.3990729796921095
-0.39482033476812173
-0.3905096807849939
-0.3871708852071486
-0.3848269702935263
-0.38249403872936993
-0.38218806810809824
-0.3839111502220295
-0.3866514938276969
-0.39039029058464025
-0.39410177068220836
-0.3997602315514538
-0.40732626262413363
-0.41474676068761807
-0.4239692162151411
-0.43492781758785376
-0.4465436355874819
-0.45773223383406014
-0.47041162266484643
-0.4824882246243103
-0.49387237466018796
-0.5054791773055994
-0.5162218100215774
-0.52601976546316
-0.5357995636403919
-0.5464878763381884
-0.5580046556569471
-0.5682638488264503
-0.5781890554832471
-0.5877066627878174
-0.5977464195209828
-0.6082346437031402
-0.6190948974174735
-0.6302486874652861
-0.6406161803944214
-0.649123958226214
-0.6567123907250427
-0.6623287953835085
-0.6679345033235738
-0.6724912054138694
-0.676967979470587
-0.6813346422021723
-0.6855619455713936
-0.6896217611854926
-0.6934872518098072
-0.697133029373512
-0.6985352990987476
-0.6996849482930267
-0.7005745224561211
-0.7011982637354889
-0.7005521402813122
-0.6996403287037528
-0.6984687311362028
-0.6960449451317041
-0.6913847374085704
-0.6855186055556571
-0.6774852733862745
-0.6673383549964965
-0.657146490897124
-0.6469796002019322
-0.6369083388554297
-0.6260035278508217
-0.6143427055977501
-0.6020096790825005
-0.5880939793336053
-0.5746975780203512
-0.5619194349400535
-0.5478545195660574
-0.5326078466146326
-0.5172936138563577
-0.5020266669912492
-0.4869213980288831
-0.47109065466472155
-0.45465209556133757
-0.43972695727234684
-0.42642424115871647
-0.41384005473555835
-0.40206426371920934
-0.39217992000198926
-0.38225588102534774
-0.37336043125026974
-0.36555400465593196
-0.3588889991281069
-0.35340965687138065
-0.34815199542784575
-0.3431502649414189
-0.34043675845585925
-0.3400288744856909
-0.34192922085738636
-0.3451256309778277
-0.3495975456491799
-0.3543160052698564
-0.35925021049925676
-0.36436769327423735
-0.370634505725578
-0.3770087075127934
-0.3844472381643604
-0.3928993562391131
-0.40130679500056576
-0.4116109863299496
-0.4227393747384799
-0.43361271882889346
-0.44515279072484687
-0.457275791715611
-0.46889293952973876
-0.48191854174646637
-0.4952559317563699
-0.5098056370444873
-0.5254587613525546
-0.5400979358398554
-0.5546134171478457
-0.5678966241228214
-0.5818485742841543
-0.5943658710560469
-0.606356392640232
-0.6177325888867173
-0.6274121282173802
-0.6353255932102948
-0.6424167092381124
-0.6496354423940284
-0.6549312639695087
-0.6582673788966724
-0.6616207318156214
-0.6639682474451808
-0.6652938323638912
-0.6645884213483837
-0.662856836443562
-0.66111093385036
-0.6573626955145608
-0.652637937662272
-0.6469693778694607
-0.6413965189010141
-0.6339584515954165
-0.6247077251755075
-0.614710256692124
-0.6030379292404979
-0.5897754318472681
-0.5770198634836557
-0.5628653498646577
-0.549417017582988
-0.5347752420404775
-0.5210496587047855
-0.5073431935594486
-0.4937585969614582
-0.4813975029017556
-0.46835207353436314
-0.45471910001764854
-0.4415990554831582
-0.42908782476441143
-0.41727596700568653
-0.4052480772135353
-0.39408928545039057
-0.3828775611196612
-0.3736901745288702
-0.3645895844832206
-0.3576368459677981
-0.35187803013661684
-0.34635090439468247
-0.3420913710880885
-0.3391268614392413
-0.3384763422361952
-0.33814396161604054
-0.34013183711875883
-0.3424272848512924
-0.3460156005928842
-0.35087367567686073
-0.3579699902650175
-0.36625803170162535
-0.37668279392767173
-0.38917409627960936
-0.40264647822761307
-0.4180062265463432
-0.4331447402683277
-0.44795336385770224
-0.4623244708806343
-0.476152551418602
-0.4893352782612791
-0.5037745290427664
-0.5183623740408019
-0.5319894904352453
-0.546553683114034
-0.5619458500294497
-0.5760510478466134
-0.5907644750875349
-0.6039775614190069
-0.6175936321007992
-0.631514046821555
-0.6456391615311907
-0.6588692853156876
-0.6711124978278551
-0.6822851173097167
-0.6913120368568623
-0.6981335099279528
-0.7027049712484161
-0.7059968468817632
-0.7079879895822018
-0.7096656695462716
-0.710019197366917
-0.7100463247968356
-0.7097468793817276
-0.7071227652403363
-0.7031907141965918
-0.6989759491197322
-0.6945057045042765
-0.6878090849170487
-0.6789301013025868
-0.6679278401432253
-0.655876618495971
-0.6418591471444289
-0.6269732129933369
-0.6123243386711017
-0.5980178525975951
-0.5821578485660276
-0.56686090710185
-0.5502404097961715
-0.5334203128991903
-0.5155265651303633
-0.4986933530228326
-0.4830467578393266
-0.4677035531217608
-0.4517776007219318
-0.4363861489670676
-0.4206413548048798
-0.40565652179342254
-0.39253791389001763
-0.37937713120295263
-0.3682645776465709
-0.35827532088001107
-0.34947577740741104
-0.34092357043623317
-0.3326738709651613
-0.32577908650096915
-0.3212823819578728
-0.31921158791525095
-0.31957943377670295
-0.3223836623937097
-0.3266070093700202
-0.33122328428015174
-0.33620360439111363
-0.34251651604066535
-0.35012172285800786
-0.35997006532290365
-0.3719969267018983
-0.3861220071700619
-0.4022491802187342
-0.42026650472154614
-0.43904646822686483
-0.45845379556804455
-0.47734660594318357
-0.49758519552422825
-0.5170186889761351
-0.5375015298726281
-0.5588801303406118
-0.5809946144411186
-0.6016807537278068
-0.6217866190650916
-0.6401666788838885
-0.6586901900388534
-0.6752280241857059
-0.6896674546389829
-0.7029122590486544
-0.713876142436146
-0.7224891948034661
-0.7306975171193836
-0.7384506153318963
-0.7437016055578206
-0.747419194465237
-0.7505814566520895
-0.7521698940543635
-0.7521752682404426
-0.7515975480146909
-0.7484400892340975
-0.7437213164952841
-0.7374690256824541
-0.7307205182645449
-0.7215166464757147
-0.7119140843729633
-0.6999730969071667
-0.6877701683564938
-0.6743851329545608
-0.6609073761991018
-0.6464286824919856
-0.6320494714214205
-0.615871154295844
-0.5990095988071799
-0.5805872743272417
-0.560739615226306
-0.5416139758488502
-0.5213532882362646
-0.5001094416515195
-0.4800416193051864
-0.46029954674960116
-0.4400293702483738
-0.419379418988346
-0.3984984400406246
-0.37753384259663386
-0.3566300089359814
-0.3359267270119903
-0.3165577931450533
-0.2976437311197751
-0.28029749804042287
-0.26561825988729615
-0.2536864204905251
-0.24356484573447412
-0.23630504862062676
-0.23194292294216548
-0.23049960403018366
-0.22998201286683087
-0.2323926226092566
-0.23571987536810296
-0.24094765379195807
-0.24805025243657705
-0.25699200958079316
-0.26872684392442175
-0.2821923277399586
-0.2983141888549314
-0.31599995903352196
-0.3361440013517331
-0.3586210134097175
-0.3822854578289
-0.4079782892647502
-0.4355209903597932
-0.46271661472634734
-0.48936632076456793
-0.5152723191505978
-0.5402407594658757
-0.5660844367479594
-0.5906103336103857
-0.6136370222885289
-0.6349966059214881
-0.6555361710854767
-0.6751118419816635
-0.693589892008555
-0.7108475570669539
-0.727773559659332
-0.7432622254694349
-0.7562200939704297
-0.7685715062675303
-0.7802466024003574
-0.7911814618794444
-0.7993181514314047
-0.8056148147759289
-0.809039812196453
-0.8105762133556382
-0.8092164882409322
-0.8059672989182143
-0.8008446921311068
-0.7938743277904788
-0.7850918211867396
-0.7755431730012512
-0.7632797867635225
-0.7503697382326601
-0.7368870989859654
-0.7229117419166233
-0.7075290344093762
-0.6898357942250288
-0.669946819076228
-0.6479951578123515
-0.6241320292569327
-0.5985262803567868
-0.5723632955740051
-0.5448358800570943
-0.5181492939901233
-0.4905035772146231
-0.46210566682769955
-0.43516634323971154
-0.40788251009109644
-0.38144922212890336
-0.3560500345026426
-0.3308552122181776
-0.30702674772913197
-0.2857106841403545
-0.26703114113842846
-0.24909140293418777
-0.23398552511321022
-0.22078859795140637
-0.21056301957456647
-0.20335501933791156
-0.1981960459674862
-0.19410802079932285
-0.19210796250680803
-0.19120408319209697
-0.19340006938003584
-0.1966869378537215
-0.20305107343557854
-0.2104655410585885
-0.2188980184498619
-0.22831053294405232
-0.2396592032403755
-0.25288907224814294
-0.2689333251300815
-0.2857071096007584
-0.30311743492498205
-0.3230634026955044
-0.3444242887948175
-0.36606520056327485
-0.38984412101969834
-0.4155994970226852
-0.44115077033559297
-0.46631411783240295
-0.4919049885919693
-0.5187332047577204
-0.5445979114089422
-0.5703052286943028
-0.5946633927168478
-0.6194926004476872
-0.6446124838142653
-0.6698445702338579
-0.6950146647238433
-0.7199550593135723
-0.7425064862723756
-0.7635316010697275
-0.7829086329870875
-0.8005311498601668
-0.8173074939946054
-0.8311551983263462
-0.8440098629574386
-0.8538147819745247
-0.8625287475801974
-0.8681166542213431
-0.8725567532351614
-0.8748321933757413
-0.8749344874613153
-0.8728632563200011
-0.869626217189951
-0.8642355983697593
-0.8577122136986716
-0.8480819961364092
-0.8353847013405702
-0.8216753778414284
-0.806016736643722
-0.7874844324864875
-0.7681733319598311
-0.7461881319627489
-0.7216548444507602
-0.6947220076583094
-0.6665613824819504
-0.6373611082758934
-0.6083240837222919
-0.577658439430349
-0.5455891226720421
-0.5133549979170403
-0.4821976894022496
-0.4513500913097766
-0.42204012560393
-0.3924801200614007
-0.3648783400995797
-0.3384224873376853
-0.3122851163480429
-0.28762855684100996
-0.26459761701098194
-0.2443195421692405
-0.22589946264153707
-0.20842692785265152
-0.19298139006837947
-0.17862845429304247
-0.16642506076229271
-0.15641649180018985
-0.14763769268647914
-0.14111766115075638
-0.1358769211053512
-0.133931337679315
-0.1352866564797419
-0.1399388833133069
-0.14687401936654113
-0.15507037174250834
-0.16650104131049312
-0.18112626255004288
-0.19889140037070563
-0.21972456052704076
-0.243533967162084
-0.27020530599103165
-0.29759927532175245
-0.3255613332885593
-0.3549228247769763
-0.3854960831024906
-0.4180757330388485
-0.45243365300050875
-0.48732126595518677
-0.5234804234381089
-0.5596404685622137
-0.5965307273870513
-0.6318783503531998
-0.665428083447755
-0.6989459034175687
-0.7322084387204529
-0.7630065506442875
-0.7911595427740313
-0.8185144791899381
-0.8439350285801114
-0.8663061537332426
-0.8865364520924242
-0.9055515571178575
-0.9232890013872538
-0.9396971908159505
-0.9547342660109355
-0.9683669074761985
-0.9805691342579208
-0.9913211376183124
-0.9986081832601607
-1.0044217423300048
-1.0087558580766374
-1.010606580248156
-1.0109723499157497
-1.0078528680429382
-1.0022507810066321
-0.9951713869422757
-0.9866223817319553
-0.9766145432434544
-0.9641625427108729
-0.9502877085435739
-0.9350177868502898
-0.9183881073597948
-0.8994427752080207
-0.8792390519583895
-0.8558460337998769
-0.8303537504046374
-0.8018720617877282
-0.77153743418884
-0.7405100541560923
-0.7069682480297867
-0.6731194927678295
-0.6391865615598121
-0.6034039913432757
-0.5680285836721292
-0.5323209382432135
-0.49754788405912376
-0.46297001272894484
-0.4298443540662009
-0.39741261914106246
-0.36490483768085596
-0.333542806791827
-0.30353020940705994
-0.27405081037048407
-0.24527302605171025
-0.21734844483626245
-0.1904109744348321
-0.1655765915596902
-0.1419400729246433
-0.11958030487282446
-0.10056138588365938
-0.08392956047422466
-0.0687189059275927
-0.05495531353053168
-0.04465782204860238
-0.03583792799317084
-0.028503598833468785
-0.02466013512146515
-0.02230983315371452
-0.02345393382853321
-0.028091848577196623
-0.03422089061965009
-0.043836769699014067
-0.05693106121655696
-0.07248897839463737
-0.08948801334181405
-0.10789749690940219
-0.12767714901561894
-0.15077564098303323
-0.1751227142859891
-0.20263263600144701
-0.2331946837822429
-0.2666695067695194
-0.3008860812498625
-0.3356514694817908
-0.37275295110029966
-0.4119475551987913
-0.4519639728139806
-0.49151352552052874
-0.5313033461806677
-0.572035387706449
-0.6134054317131229
-0.6551100447842405
-0.6958537132228952
-0.7353622066989911
-0.7743871721843867
-0.8107037190826718
-0.8451235166003846
-0.8764887981248517
-0.9056748182887455
-0.9315827967310001
-0.9561396498513439
-0.977289204178157
-0.9949935380158033
-1.011228468402702
-1.0259779396397586
-1.0372324747254267
-1.0459881268838218
-1.0522437954976545
-1.0549997505825583
-1.0552563904722427
-1.0540137609563576
-1.0492716541053089
-1.0430295956505113
-1.0332877326265186
-1.022048045971023
-1.007315471538866
-0.9901007697986015
-0.9704226539507999
-0.9483105572998376
-0.9238076658760404
-0.895974109497306
-0.8648934416787294
-0.8306774380049836
-0.7954705598359606
-0.7594433128875134
-0.7207911625000349
-0.6797448349690542
-0.6385697742812775
-0.5965494265967877
-0.5549863061538755
-0.512188126953205
-0.46847551090423195
-0.42617443758381385
-0.38459368822918655
-0.3430255221486798
-0.3027463817781962
-0.2640050789042655
-0.22601980692385265
-0.18998151363483154
-0.15604804759924257
-0.12434559967519218
-0.09497121398832996
-0.06699604312467762
-0.04247054673203381
-0.020424785618411774
-0.000874332789494045
0.017176128639569306
0.03372990830252189
0.04679647624843267
0.05738764024677223
0.0655157629106371
0.07119201886817954
0.07442507682997213
0.07422019113174944
0.07057702198335226
0.06348968135572594
0.0539475518682129
0.04193809228332445
0.02844839315204936
0.011467793245255396
-0.008011327316787435
-0.02998972587322526
-0.053458013186687414
-0.07839421955766407
-0.1057616054144371
-0.13650420633136867
-0.16954009471954423
-0.20575952616428977
-0.24501759931515532
-0.2871301608328816
-0.329871180028004
-0.3749847314984494
-0.42017632758181683
-0.4651312067308135
-0.5105223475781699
-0.5550115364828687
-0.6002654782412973
-0.6439494759281708
-0.6877503268747973
-0.7303692020966986
-0.7715348561284532
-0.8120077719551676
-0.8515775815862826
-0.8900656822075022
-0.9273264444065137
-0.9622471241780841
-0.9947485519530088
-1.0237808635274712
-1.05031934140457
-1.0743579289185758
-1.0949048108108996
-1.113977253830462
-1.1305996989721452
-1.1447999907984092
-1.1566066892708433
-1.1650468496157016
-1.1701416343663211
-1.17190454665087
-1.1713403858830849
-1.169447609083639
-1.1642210882652695
-1.15564705478609
-1.1457041728411206
-1.132369663727195
-1.1176163223059796
-1.100418560254719
-1.0817525959203815
-1.0606000526355723
-1.0359495298827888
-1.008800430322267
-0.9791678987419998
-0.947087252070367
-0.9126185087738234
-0.8768507673281105
-0.838902435483759
-0.7999265281462787
-0.7581075087712134
-0.7156712127394546
-0.6728727768430267
-0.6289918326126747
-0.5833335448644865
-0.5362296404160971
-0.49003102714996044
-0.44508374669369916
-0.40171989887629167
-0.35824991084255037
-0.31496980371167077
-0.27215423732732125
-0.23005067896088932
-0.1908749936668445
-0.15380051225366348
-0.11896460436067535
-0.08647116280914917
-0.05639407273919193
-0.028781289648169263
-0.0026591932657606225
0.020962982668450394
0.04209010074820883
0.060737122597618126
0.0769255309787556
0.09168021672068971
0.10502886706660865
0.11600059355035114
0.12362217997903346
0.12791373230423259
0.1298871084962975
0.12854789027102057
0.12589228078513595
0.11991286171051001
0.1125934704323323
0.10191534778708329
0.08985316850330347
0.074381268478055
0.05747135206195053
0.03709850194639283
0.01524111921715762
-0.008113650685534993
-0.03496768002235924
-0.06430796615960802
-0.09710187188186861
-0.1332904518921122
-0.1727818096094571
-0.21444476761425513
-0.25910797580015354
-0.30555316652854075
-0.3525195434546501
-0.39971342129331794
-0.4478151964523053
-0.49548046468275325
-0.5423563702302835
-0.5900916680541824
-0.6373315699457488
-0.6827349302532886
-0.7269895931904733
-0.7698117341222638
-0.811950669704727
-0.8511867768365965
-0.8873427994471162
-0.9202808319165944
-0.9508978990725536
-0.9791185708772969
-1.003891202598958
-1.0251849033583817
-1.044984053399489
-1.0612832585605843
-1.0740846954700132
-1.083394260804297
-1.0912185514303152
-1.0975646111849626
-1.100439156139107
-1.0998455233732425
-1.09678300868754
-1.0922481036052325
-1.0842359962523846
-1.072739306299148
-1.0587499520447072
-1.0432620990421022
-1.0252744202750395
-1.0047921465754837
-0.9818300755635703
-0.9574159209016646
-0.9315919026704113
-0.9034167359026439
-0.8739705558741271
-0.843354431727479
-0.8096913802309105
-0.7731365341821952
-0.7338801294978428
-0.693149158380822
-0.6502006882631173
-0.6073253680000108
-0.5628286805179026
-0.5190384474890103
-0.47628241585400566
-0.4338800663635029
-0.39214251197863553
-0.3523655213645676
-0.31381703786538145
-0.27774009323103516
-0.24334438839537248
-0.21181156427240855
-0.1822907745754807
-0.15590537274353178
-0.1327514716634982
-0.11090191896649337
-0.09241527151922749
-0.07633315638944654
-0.061685776275061575
-0.0484957104196174
-0.036779233068404915
-0.026547553140284202
-0.01980794871072122
-0.016563931588032214
-0.01681682850734446
-0.019566544537061147
-0.025811954744620186
-0.03454987330548638
-0.045774374830045865
-0.06047534132345033
-0.07863527629702183
-0.0982259688367721
-0.12120890072177481
-0.1455283653014025
-0.17111333219955382
-0.19787607192858836
-0.22771110319876875
-0.2604851312234525
-0.29603388234073735
-0.3341598485781071
-0.37463135026869443
-0.4151832872468382
-0.45753408007234253
-0.501377120628865
-0.5443867001777505
-0.5862404713341811
-0.626627190198748
-0.6652534406735765
-0.7028489711990741
-0.738163988346259
-0.7729786164629264
-0.8050925538533538
-0.8363374243506767
-0.8665660333423426
-0.8956528096228307
-0.9234935316219802
-0.9500044420421287
-0.9731208747911864
-0.9947987866284543
-1.0150075232555498
-1.0337279080524278
-1.0509503336735535
-1.0666729177309893
-1.078899767586131
-1.0876379155146334
-1.0928944393966893
-1.0956744188221028
-1.0949807892593115
-1.0918128021661715
-1.0851671750191239
-1.0770377493812604
-1.0654183344763304
-1.0523026536071076
-1.0356872659304484
-1.0155733685806967
-0.9939707137948947
-0.9708998636760604
-0.9463942181690062
-0.9185020188818355
-0.8882938450841373
-0.8558643991366632
-0.8203356131571484
-0.7818638166038386
-0.7426430958199384
-0.7028952515450584
-0.6618665957906277
-0.6208304148707819
-0.5800752940554081
-0.539898622989948
-0.4985997517827612
-0.45848819754295383
-0.4188618732314594
-0.37900821371488885
-0.33920529460396254
-0.299715865459157
-0.26178212994699357
-0.22561625290900933
-0.19139925170410146
-0.1602813213017028
-0.13037990310424688
-0.10378967279422703
-0.07857923010095227
-0.05479964318447979
-0.03348634852893963
-0.0156604494542876
0.0006682081717755348
0.0154968708209863
0.02782823470492123
0.03766830564973926
0.04502432225379851
0.05090311008798877
0.05431099149178843
0.05425198349163025
0.05272601433716907
0.0497312553937792
0.045264268353783846
0.03932029552397481
0.03089369599813127
0.02097782601870384
0.008566905183803679
-0.007343190038068123
-0.02575267865702338
-0.045654709981194246
-0.06903332897327111
-0.09485852630949501
-0.12208317588413661
-0.1506420179938635
-0.18244987926755357
-0.21639250763291104
-0.25332658920124557
-0.29107279564239064
-0.3294249103477087
-0.37015235358535686
-0.41099042702698396
-0.453657090110334
-0.4978444751848599
-0.5412248253926688
-0.5854730418236261
-0.6292598615815597
-0.6712674275015774
-0.7112033504714592
-0.7488053533547695
-0.7848439036711646
-0.8181176288831123
-0.8504588539307502
-0.8797230278917707
-0.9067961566918086
-0.9325877923418472
-0.9570257511359452
-0.9800546266927078
-0.9996340479391962
-1.0167388767593215
-1.0303541352914873
-1.0424725847770275
-1.0510912854180736
-1.0572101566202998
-1.0618301555757355
-1.0629525629168812
-1.061577762217639
-1.0587052875503886
-1.052334302550129
-1.044463614388908
-1.033093010314333
-1.0192246439591794
