-0.5933297772907399
-0.5902802022154507
-0.5857338453206546
-0.5797241694696287
-0.5722955393284627
-0.5635029812043283
-0.5534118558655825
-0.5420974304132364
-0.5296443362540569
-0.516145902875696
-0.5017033613856843
-0.4864249174380407
-0.4704246998689185
-0.4538215985950301
-0.43673801249609573
-0.41929853446423054
-0.4016286059459444
-0.3838531766137851
-0.3660954059369017
-0.35047544223467236
-0.3370963118156174
-0.32604410331728734
-0.3173883265340002
-0.3111823514998386
-0.30746384356013373
-0.30625512492119056
-0.30756341119351377
-0.31138089149774517
-0.31768464183040557
-0.32643638283921594
-0.3375821142583598
-0.3510516782475742
-0.36675832180066087
-0.38459834298647594
-0.4044509155274111
-0.4261781894173887
-0.44962576032768403
-0.47462358626798756
-0.5009874060121835
-0.5285206810013754
-0.5570170430414111
-0.586263187724491
-0.6160421127434527
-0.6461365661135746
-0.6763325462706309
-0.7064226872506185
-0.7342093688915563
-0.7595194907894103
-0.7822042750953436
-0.8021383114869312
-0.8192180689647118
-0.8333601008756246
-0.8444991536069147
-0.8525863620074403
-0.8575876813533403
-0.8594826707527362
-0.8582637088157771
-0.8539356902181573
-0.8465162212796121
-0.8360363029205596
-0.8225414591136043
-0.806093237164378
-0.7867709724547789
-0.7646736753852591
-0.7399218643485894
-0.7126591394770088
-0.6830532729400431
-0.6512965889441626
-0.6176054263021322
-0.5822185227365718
-0.5453942336934056
-0.5074065951694048
-0.46854035024379265
-0.42908516837816263
-0.38932937859996997
-0.3495535971183652
-0.31002464629184856
-0.27099013223977225
-0.23267397812284676
-0.1952731114934327
-0.15895539328927996
-0.12385876932957354
-0.09009153579549051
-0.05773354629542119
-0.02683815236541167
0.0025653404103148057
0.030468907221604346
0.0568829107490862
0.08183322726287218
0.10535850376944164
0.12750762373112293
0.1483374289513432
0.1679107207306763
0.18629454460940117
0.203558749535034
0.21977480338657507
0.23501484157137317
0.24935092301245593
0.26285446748114144
0.27559584924789093
0.2876441239071731
0.29906686759105733
0.30993011034263
0.32029834798426676
0.3302346192659373
0.3398006373443299
0.3490569666897991
0.3580632383343292
0.36687839796462823
0.3755609827437177
0.3841694239296814
0.39276237336999625
0.4013990528007391
0.41013962558494765
0.4190455910912489
0.42818020234351895
0.43760890785725426
0.4473998187004021
0.45762420174426927
0.468356999755814
0.47967737835708907
0.49166929884520455
0.5044221142977868
0.5180311841137094
0.5325984989350475
0.5482333034812163
0.5650526988482072
0.5831821978588739
0.6