-0.3798444179834502
-0.34362767703598446
-0.3096960901452153
-0.2782609147402225
-0.24950408612965508
-0.22357901292182736
-0.2006123491197017
-0.1797064276872788
-0.1619459091471947
-0.14739610081508864
-0.13510583601626835
-0.12411301433422832
-0.11644889005692396
-0.11213375712391105
-0.1091784959102833
-0.1075903298908926
-0.10737306415703318
-0.10852721507316927
-0.11305002809354547
-0.11993043551620534
-0.1281507687404213
-0.1376886119272885
-0.15051619122371657
-0.16559320163708424
-0.18386801692094074
-0.20427204472681526
-0.22572115127816392
-0.24911864080108664
-0.27534985186120375
-0.3042755270295738
-0.33472998145880006
-0.3665263655302655
-0.39945767758535894
-0.43329867381866777
-0.4668086675933655
-0.5017425296759773
-0.5378401961711652
-0.5738310845037855
-0.6094466548436385
-0.6444254602464173
-0.6785177800938349
-0.7104895859371926
-0.7421320022845449
-0.7732503318599041
-0.8016664776089408
-0.8282307198105755
-0.8518152400296614
-0.8723170647444991
-0.890655130481254
-0.906763853632711
-0.9195911827005205
-0.930099473561283
-0.9392604440805387
-0.947051340568875
-0.9514542201256047
-0.9544595189627502
-0.9540609491751614
-0.9512593334517039
-0.9470605514991854
-0.9404737321719058
-0.930513959170956
-0.9182057979184288
-0.9035824996702625
-0.88568766866005
-0.865580602316193
-0.8423355244596665
-0.818047916124452
-0.7918281393636
-0.7628068265514685
-0.7311415221464289
-0.6970182871941158
-0.6626522910350963
-0.6282733795285759
-0.592122247603201
-0.5564608016807719
-0.5205532896101174
-0.4856686183665986
-0.4500678097871854
-0.41501402168722984
-0.38076029226637303
-0.34854536519163876
-0.31858381724227935
-0.29106475722909114
-0.2661516516844253
-0.24298308170159205
-0.22267919848721174
-0.20333791222672493
-0.18704572633741579
-0.17187016672191355
-0.15786958677522678
-0.14609382714898017
-0.13758177330205587
-0.1303597771001338
-0.1264490263280651
-0.12386054210444988
-0.12460144347892045
-0.12866970709735132
-0.13605401815609433
-0.1467329589538391
-0.1586735670911442
-0.17383623885975538
-0.19216658198082706
-0.21359286446423453
-0.23702322330361245
-0.26234774263122873
-0.29043711843047326
-0.31913605344544915
-0.34827409163679224
-0.37866726892110253
-0.40911350632752264
-0.4404016014170515
-0.4713072169059404
-0.5036034124661029
-0.5360494833285199
-0.5684021955951858
-0.5994198930781615
-0.628873823200565
-0.6585512510518173
-0.6872439596115877
-0.7137580402953655
-0.7389220353730572
-0.7635810976854503
-0.7855917979979041
-0.8048337047531722
-0.822207834478567
-0.8366301486320948
-0.8490349040570654
-0.8603685709731039
-0.868584747003109
-0.8736513208585474
-0.8755491405894433
-0.8742711610797659
-0.8708221187230338
-0.8652149552989814
-0.8564712029837112
-0.8446256429309436
-0.8297276967151359
-0.8118431923646001
-0.7910563824840682
-0.768472054528626
-0.7442119638471164
-0.7174154505265571
-0.6902458465764703
-0.6608778077582027
-0.6295090352053503
-0.5983592333338935
-0.5676534169838867
-0.5356181518784556
-0.5034927609839744
-0.47251807377693605
-0.4429249941738531
-0.4139310784406118
-0.3857449120819972
-0.3575634287278101
-0.3305763518086141
-0.3059573836540607
-0.28285719475953136
-0.26140964489739366
-0.24173192770326377
-0.22292513445138998
-0.2050797950378255
-0.18827604389480632
-0.17258399427419538
-0.15906427960614794
-0.14676528422516766
-0.13572785286492625
-0.1279860211139162
-0.12356216245878944
-0.12146850100743722
-0.12071067905947704
-0.12229071619998502
-0.12720438799651693
-0.13343822247295123
-0.142974402977237
-0.15478411874497655
-0.1688291140036275
-0.18406024406111854
-0.20141983075603964
-0.22183672506295765
-0.24422012405605978
-0.26846201716417856
-0.2944359925363823
-0.3209964630981255
-0.34998460502137263
-0.3802167747177375
-0.4124914531875679
-0.4445840915481453
-0.4782638058280545
-0.5112824851301037
-0.5453935155940552
-0.5803412019514088
-0.615865372440077
-0.6497063462788215
-0.68362391434162
-0.7153868672343151
-0.7447894689987771
-0.7736522336383019
-0.8018106080397881
-0.8291163529002076
-0.8544383265797469
-0.8776667870473833
-0.8987116703813115
-0.9165005197775247
-0.9319790891025818
-0.9461055244250166
-0.9568460517068033
-0.9641778562568758
-0.9690867988596535
-0.9705640674529823
-0.9706071133336543
-0.9692158629520602
-0.9653927139844308
-0.9591444732687716
-0.9514829516425779
-0.9414237882591077
-0.9279894382645735
-0.9132132606047151
-0.8971363360596859
-0.8798084934952946
-0.8592892971715844
-0.8366569241077638
-0.8130068737361247
-0.7884488665882082
-0.7611069879508756
-0.7311307436131492
-0.6986966343983554
-0.6650088576291644
-0.6302920323998888
-0.5937886014693415
-0.5557626284569827
-0.5174958007057591
-0.47827474270899833
-0.4393925684650562
-0.400135245028391
-0.36278287050098396
-0.3265903682262756
-0.2907908975244043
-0.2575989548632073
-0.22719691437261513
-0.19873630259999228
-0.17134436655348767
-0.14512935187578294
-0.12118110330643887
-0.10056946157308842
-0.08134489542237305
-0.06454625681137219
-0.049200894503597284
-0.037328348412815356
-0.026940142884314677
-0.019043776872139186
-0.013643331983422933
-0.01074079330632468
-0.010336956889307677
-0.011431918475998221
-0.014025409958241364
-0.01811668875555928
-0.02570427604958587
-0.03578443404083582
-0.049350199947784015
-0.06638861713904809
-0.0848776142218015
-0.10478600091509417
-0.12607187531909697
-0.1506810622672333
-0.17653914048443062
-0.20355471973557315
-0.23161846739146363
-0.2626025807776151
-0.2943501964149549
-0.32868480449084125
-0.3643993730516266
-0.40126306028253766
-0.44002380625577514
-0.4794048178954655
-0.5191163140218794
-0.559861427596909
-0.599335107417018
-0.6382456394076464
-0.6773131726376598
-0.7152682754279127
-0.7528637734097416
-0.7898721838074836
-0.8240892601191266
-0.8563457346020704
-0.8855009110222152
-0.912444504882779
-0.9380896135981959
-0.9623674569272767
-0.9832258208968591
-1.000630083032622
-1.0155587014689653
-1.0279985728923158
-1.0389425899280584
-1.0463873735489584
-1.0523321645542176
-1.0547772521514736
-1.054722986054379
-1.0531693570421343
-1.0481161292218908
-1.0395629108942293
-1.0285103482748932
-1.0159617132566943
-0.9999240465814784
-0.9814114791181143
-0.959447441658019
-0.9360695310015319
-0.9103292694765169
-0.8822968090561275
-0.8520640733289985
-0.8197476103522116
-0.7864909148220578
-0.7514606666587931
-0.7138514757518277
-0.6748916094970568
-0.6348356066437136
-0.5939607261071412
-0.5515620411378078
-0.507953877579666
-0.46446300768190085
-0.42041333320089885
-0.37712524892470606
-0.3359007025545273
-0.29501066929403336
-0.2557037978580003
-0.21719672275296728
-0.17967744875853178
-0.14330368922743136
-0.11020243674474842
-0.07946579769814205
-0.05215845282951671
-0.026320564684824684
-0.0019748869023177296
0.018870834757066496
0.038220561566128505
0.05508670450513213
0.07048690844982189
0.08444279897263361
0.09497848050108249
0.10311496252513147
0.10787011151613844
0.11125502664808823
0.11227790279742486
0.11194126430825754
0.10924427794035917
0.10318035514509669
0.09373524867097763
0.08088833838418925
0.06461467548456826
0.044887835077413056
0.02368362826015813
-1.427092601171201e-05
-0.025212170109890384
-0.05290292160021787
-0.08206225353454182
-0.11364620743281278
-0.1485862644107448
-0.1867820308313127
-0.22709547530367807
-0.2703508277258836
-0.31532801952593864
-0.3627675738736904
-0.41036710210317157
-0.45979962922209205
-0.5107077338441808
-0.5617124971812538
-0.6134320300682391
-0.6634859397305518
-0.712521221037478
-0.7612142332165001
-0.8082722711249212
-0.8534454895848039
-0.8965292741177658
-0.9363641254986212
-0.9728359039045391
-1.005869633358066
-1.0364225531737987
-1.0644767790073555
-1.0890343630205976
-1.111111612284915
-1.1317346772537649
-1.1509377106323688
-1.1677608426528538
-1.1812457242022008
-1.192430046347445
-1.2013479287574171
-1.2070284070895456
-1.2094908125960413
-1.209743725563839
-1.2077880341077765
-1.2046169038683059
-1.1982194151973782
-1.189574152910334
-1.1796534943622143
-1.1684276287701152
-1.1548652869772729
-1.1399322291089218
-1.1215952957067552
-1.1008203732623816
-1.0765777294464678
-1.0488447902876876
-1.0176118816545574
-0.9848888138167834
-0.9507092957107265
-0.9141337856309912
-0.8752548365095537
-0.8352011760528627
-0.7941363041567321
-0.750257936991965
-0.7058076310367667
-0.6590578042682087
-0.6123197673260967
-0.563924151710467
-0.5142268329479753
-0.46459979449507893
-0.4154129416227019
-0.3680233123027977
-0.32275859602525825
-0.2789106821675875
-0.23773750010119157
-0.19745497791029834
-0.15924651221862818
-0.12225813775359334
-0.08760348557698786
-0.055362992522193316
-0.024588096725886344
0.0036935974501183105
0.030475445104501456
0.055767733951365306
0.07859492921557204
0.0999912962058512
0.1179993026830277
0.13466232332150044
0.1500265912641452
0.16213982820519665
0.17304303444011046
0.18277561172057002
0.19137469432545035
0.19887460609387078
0.20430642475466085
0.2066933129894417
0.20704562120744546
0.20536488599266087
0.20264379731433232
0.19687063038212757
0.18802096322197098
0.17805857112882556
0.16594445755538784
0.15063379588757891
0.13407408812709687
0.11521389704188083
0.09300156035400789
0.0683858986055436
0.0423226646804381
0.012779554788170416
-0.02026171801265346
-0.055798373691675986
-0.0948000846760936
-0.1362013709182694
-0.17989684801746342
-0.22473699447349096
-0.2705301403355467
-0.3190441502972986
-0.36999782700136263
-0.42106317209489746
-0.471885463814281
-0.5220940514224659
-0.5733139244236409
-0.6251623146243087
-0.6772607096827641
-0.7292470266870246
-0.7787869790586208
-0.8265945709599065
-0.871429958242351
-0.9131049268607572
-0.952479466579955
-0.9894542585560414
-1.022966467560465
-1.0549852790425691
-1.0845047727915695
-1.1115399082761852
-1.1361214736419671
-1.1582914716476278
-1.178099035105447
-1.196596904869573
-1.2138417010801703
-1.2278924599276406
-1.2388016313112722
-1.2466125667002512
-1.2513576889274296
-1.2530572497799162
-1.2517186038804051
-1.2493359539766373
-1.2458990631793503
-1.2413933501527472
-1.233800032385694
-1.2240883211720783
-1.211220442457307
-1.1961491702426943
-1.17782337133991
-1.1561870883334122
-1.1331832545878526
-1.1087621379711718
-1.0808835400138286
-1.0515176970863813
-1.0206520641221757
-0.9862943544266621
-0.9504782572687596
-0.9132666633185502
-0.8747541658226012
-0.833068811632749
-0.7893817863510705
-0.7429059945059024
-0.6949015185259091
-0.6466680815580702
-0.5985324524932728
-0.5488395424194731
-0.4979575074516494
-0.446267592393093
-0.3941524726382827
-0.34198398171620054
-0.2911112033209348
-0.2418441124117664
-0.19344738726319466
-0.14714134983488192
-0.10309567287446983
-0.06243137298640289
-0.023223352271295142
0.01349073338601059
0.048706866262580216
0.08044964072269262
0.11076487406058433
0.1387168666553083
0.1643822297387206
0.18884547387369896
0.21019930556006006
0.2295339494853745
0.246938255319877
0.2614977638372815
0.2742879065230396
0.28537773766849656
0.2958291613164598
0.3037021788566669
0.31004301699896214
0.31388952882261517
0.31526494133601823
0.31617760762031005
0.31563308418559943
0.31262805453804887
0.30914428647950215
0.3031607937180372
0.29564191513341004
0.2875435416365136
0.27781906410600093
0.2654137851720582
0.25126001106764484
0.23528346938711306
0.21840427724864483
0.198542789455887
0.17661181133963977
0.15152360759233907
0.12318927996338466
0.0925237434986699
0.05845389751588374
0.021922392780900704
-0.01710370725040996
-0.058626516964700566
-0.1016107592316401
-0.14697974476111667
-0.19360960830874888
-0.2423294922232908
-0.2919173244220348
-0.34210620538276176
-0.3935900148333298
-0.4460243560932091
-0.49903526790359676
-0.5512302393331487
-0.6022182120394763
-0.6536219907013807
-0.7030751372888387
-0.7502463139501717
-0.7958456196064648
-0.8386226295837687
-0.8783732924395254
-0.9149378028317605
-0.9481965371348172
-0.9790647267901338
-1.0074849582992467
-1.0344229110953163
-1.0578626995702782
-1.0778037675717151
-1.0962553665018808
-1.1122339916258162
-1.124760050547551
-1.1358534839933592
-1.145534821005208
-1.152824161245098
-1.1577379707425588
-1.1602879908828359
-1.1594805174708502
-1.156313541971741
-1.149779320505818
-1.140862551635059
-1.1305438327933335
-1.117802856925046
-1.101617754165602
-1.0829658950010357
-1.0628284149934863
-1.0391936831262134
-1.0120596719207353
-0.9824395379015994
-0.9503664336879678
-0.9158980727652132
-0.8781211621039734
-0.8391590169098515
-0.7971681710641254
-0.754348253253098
-0.7089326612752351
-0.661197583436205
-0.6124595745363817
-0.5640629753892998
-0.5163636395536058
-0.46871856297753267
-0.4214832309989181
-0.37500184248301965
-0.329598382791006
-0.28456916497234447
-0.24218293027388946
-0.20266537424182748
-0.1651998040285259
-0.12993344334536522
-0.0959795450462714
-0.06442272497484712
-0.03631935932326853
-0.011701168518804962
0.011418562447620635
0.031039760085759562
0.04917178889434448
0.06383096939173609
0.07703584690937575
0.08780719116828435
0.09616477366967349
0.10112567281754917
0.10270073929945782
0.10189352880784745
0.09770221242569849
0.09111751878603941
0.08312564702224035
0.07371110930623995
0.06185744784793442
0.048546709367050404
0.03176243786246111
0.013489507363087374
-0.007281376289052819
-0.031551663507452615
-0.057310759626175885
-0.0845329957941344
-0.11517527132432041
-0.14816979058946086
-0.18342136423345087
-0.22080390401356523
-0.2611577219791796
-0.3032827065672218
-0.34594235528644657
-0.3908722365262998
-0.437771470302234
-0.4853073197986008
-0.5331297240067625
-0.5818806558415057
-0.6311966973416241
-0.6807196956655982
-0.7291074418439412
-0.7750496774090929
-0.8192798701769645
-0.860572044542791
-0.8987459171700019
-0.9336636452018178
-0.9672249886594072
-0.9993579382734158
-1.0280165907949963
-1.055179381153598
-1.08084288821106
-1.1030191195579184
-1.122730324589603
-1.140005438954531
-1.1558768286353203
-1.168379921248254
-1.179546410403508
-1.1884073818284877
-1.1959893458380884
-1.2013162654301677
-1.2044056750066818
-1.2062680059413518
-1.2049096388605618
-1.2023259129416886
-1.1965080649769695
-1.189436854803135
-1.1800898219827158
-1.1694388505095916
-1.15745411146324
-1.1431048907828034
-1.1263584381461262
-1.1071821523227816
-1.0865462365936878
-1.0624277192360647
-1.034811810952206
-1.0046976282936075
-0.9721037383612237
-0.9380730202344824
-0.9006750767363413
-0.8620147936631545
-0.8222304820800436
-0.7794942487904711
-0.7340218344185157
-0.6860739955149093
-0.6379552743457619
-0.5879956049304251
-0.5365559580121659
-0.4840191566967866
-0.43277850547757213
-0.38121060996859857
-0.32967844384671574
-0.2795200179574538
-0.23203292801687755
-0.18546421205875316
-0.14101841054073105
-0.09885220621779948
-0.058076872925454784
-0.018763690140536304
0.01805345245436226
0.05237426083343258
0.08522586523861161
0.11465873926091832
0.1427380602854614
0.16754310942069225
0.1901573611491702
0.2116674975526492
0.23016495841142237
0.24573509198498772
0.258454350256002
0.27038819114071494
0.2806003958254541
0.2901472992552236
0.29808298086238644
0.30545340091523326
0.3113020410534409
0.3156639356835892
0.3175655119020595
0.3190183691870969
0.3190314016552649
0.3176046892128929
0.3157294973128453
0.3133943861334926
0.309585174693917
0.3032788854648338
0.29443790948153076
0.2840104494199373
0.2729368501755384
0.26115552496737743
0.246603021507863
0.2292040248214698
0.2098731185899507
0.1895215830976266
0.1680633610676991
0.1444162239599872
0.11750007015463756
0.08723763519673333
0.05356032972403006
0.017415227850079484
-0.021226462785611216
-0.06236308630331313
-0.10695608430530687
-0.15492148714976683
-0.20412170789839829
-0.2553676557075996
-0.307415148699943
-0.3599727220680601
-0.4147087967775535
-0.47124709862803904
-0.5281764258938065
-0.586071421861494
-0.6445006111462177
-0.7010427878909947
-0.7553161044791629
-0.8069881656522366
-0.8567817483653388
-0.9054722631316283
-0.9508853623819086
-0.992902093070158
-1.0334519154592712
-1.0705038631503343
-1.1060619191743166
-1.1391588554056602
-1.1698503296422014
-1.1972091446302706
-1.2213168796844003
-1.2442580019084208
-1.2641234170295834
-1.2809997997345415
-1.29496634448852
-1.3080923015567731
-1.3184457006235226
-1.3260821458159266
-1.3310437139553857
-1.3333582157719115
-1.3350387497740182
-1.3340948760445477
-1.3315212200544742
-1.3273031936210193
-1.3214171002010378
-1.3138303194315686
-1.3035015895183901
-1.2903761907058409
-1.2753870823834639
-1.2594612442755104
-1.2405253862230787
-1.2194983489471154
-1.1952979262885206
-1.1688402254272388
-1.1390471509384712
-1.1078483863798159
-1.0751908911675796
-1.0390422065800147
-0.9993942701886422
-0.9562719977462973
-0.9107421589053165
-0.8629188868483562
-0.8129680178955538
-0.7611093804892417
-0.7076163638040764
-0.6528122567223726
-0.59806313718193
-0.5437601684833862
-0.4893060815177747
-0.4341087363097484
-0.37857453277482306
-0.32309402012870553
-0.26902823649146745
-0.21669147037299075
-0.16634480116388278
-0.11919324466558939
-0.07538355486505083
-0.03301020691752719
0.007875389844485388
0.04726168431890058
0.08517306547612358
0.11966561613245863
0.15281754244584933
0.1837276228150431
0.2115079390453436
0.23727487011025566
0.26214887299604783
0.2852569633252958
0.3077259620954059
0.32768673893964884
0.3462613196827016
0.36456772892189493
0.38072614101568886
0.3948455177931777
0.4070230785845317
0.4183440357972348
0.4278886355156207
0.4377252319982022
0.44692487741129466
0.45555452620752074
0.4646773800261745
0.4723606210767568
0.4796610875092015
0.4856329747066304
0.4903207336429749
0.49575932165476966
0.5009893564136061
0.5050499505218179
0.5079715002270874
0.5117758882964502
0.5144916233017539
0.5181390631621954
0.5207455570102297
0.5243306519801636
0.5279212360185511
0.531544237601555
0.5352268245067444
0.5389966040920537
0.5418818263248565
0.5439041026943635
0.5460785748494017
0.5484215177281898
0.5519504591519913
0.5566917819122528
0.5606808947015284
0.5649475500900527
0.5695235265816014
0.5754428500743671
0.5827494383678462
0.5914973320356864
0.6
0.6
0.6
0.6
0.6
0.6
0.6
0.6
0.6
0.6
0.6
0.6
0.6
0.6
0.6
0.6
0.6
0.6
0.6
0.6
0.6
0.6
0.6
0.6
0.6
0.6
0.6
0.6
0.6
0.6
0.6
0.6
0.6
0.6
0.6
0.6
0.6
0.6
0.6
0.6
0.6
0.6
0.6
0.6
0.6
0.6
0.6
0.6
0.6
0.6
0.6
0.6
0.6
0.6
0.6
0.6
0.6
0.6
0.6
0.6
0.6
0.6
0.6
0.6
0.6
0.6
0.6
0.6
0.6
0.6
0.6
0.6
0.6
0.6
0.6
0.6
0.6
0.6
0.6
0.6
0.6
0.6
0.6
0.6
0.6
0.6
0.6
0.6
0.6
0.6
0.6
0.6
0.6
0.6
0.6
0.6
0.6
0.6
0.6
0.6
0.6
0.6
0.6
0.6
0.6
0.6
0.6
0.6
0.6
0.6
0.6
0.6
0.6
0.6
0.6
0.6
0.6
0.6
0.6
0.6
0.6
0.6
0.6
0.6
0.6
0.6
0.6
0.6
0.6
0.6
0.6
0.6
0.6
0.6
0.6
0.6
0.6
0.6
0.6
0.6
0.6
0.6
0.6
0.6
0.6
0.6
0.6
0.6
0.6
0.6
0.6
0.6
0.6
0.6
0.6
0.6
0.6
0.6
0.6
0.6
0.6
0.6
0.6
0.6
0.6
0.6
0.6
0.6
0.6
0.6
0.6
0.6
0.6
0.6
0.6
0.6
0.6
0.6
0.6
0.6
0.6
0.6
0.6
0.6
0.6
0.6
0.6
0.6
0.6
0.6
0.6
0.6
0.6
0.6
0.6
0.6
0.6
0.6
0.6
0.6
0.6
0.6
0.6
0.6
0.6
0.6
0.6
0.6
0.6
0.6
0.6
0.6
0.6
0.6
0.6
0.6
0.6
0.6
0.6
0.6
0.6
0.6
0.6
0.6
0.6
0.6
0.6
0.6
0.6
0.6
0.6
0.6
0.6
0.6
0.6
0.6
0.6
0.6
0.6
0.6
0.6
0.6
0.6
0.6
0.6
0.6
0.6
0.6
0.6
0.6
0.6
0.6
0.6
0.6
0.6
0.6
0.6
0.6
0.6
0.6
0.6
0.6
0.6
0.6
0.6
0.6
0.6
0.6
0.6
0.6
0.6
0.6
0.6
0.6
0.6
0.6
0.6
0.6
0.6
0.6
0.6
0.6
0.6
0.6
0.6
0.6
0.6
0.6
0.6
0.6
0.6
0.6
0.6
0.6
0.6
0.6
0.6
0.6
0.6
0.6
0.6
0.6
0.6
0.6
0.6
0.6
0.6
0.6
0.6
0.6
0.6
0.6
0.6
0.6
0.6
0.6
0.6
0.6
0.6
0.6
0.6
0.6
0.6
0.6
0.6
0.6
0.6
0.6
0.6
0.6
0.6
0.6
0.6
0.6
0.6
0.6
0.6
0.6
0.6
0.6
0.6
0.6
0.6
0.6
0.6
0.6
0.6
0.6
0.6
0.6
0.6
0.6
0.6
0.6
0.6
0.6
0.6
0.6
0.6
0.6
0.6
0.6
0.6
0.6
0.6
0.6
0.6
0.6
0.6
0.6
0.6
0.6
0.6
0.6
0.6
0.6
0.6
0.6
0.6
0.6
0.6
0.6
0.6
0.6
0.6
0.6
0.6
0.6
0.6
0.6
0.6
0.6
0.6
0.6
0.6
0.6
0.6
0.6
0.6
0.6
0.6
0.6
0.6
0.6
0.6
0.6
0.6
0.6
0.6
0.6
0.6
0.6
0.6
0.6
0.6
0.6
0.6
0.6
0.6
0.6
0.6
0.6
0.6
0.6
0.6
0.6
0.6
0.6
0.6
0.6
0.6
0.6
0.6
0.6
0.6
0.6
0.6
0.6
0.6
0.6
0.6
0.6
0.6
0.6
0.6
0.6
0.6
0.6
0.6
0.6
0.6
0.6
0.6
0.6
0.6
0.6
0.6
0.6
0.6
0.6
0.6
0.6
0.6
0.6
0.6
0.6
0.6
0.6
0.6
0.6
0.6
0.6
0.6
0.6
0.6
0.6
0.6
0.6
0.6
0.6
0.6
0.6
0.6
0.6
0.6
0.6
0.6
0.6
0.6
0.6
0.6
0.6
0.6
0.6
0.6
0.6
0.6
0.6
0.6
0.6
0.6
0.6
0.6
0.6
0.6
0.6
0.6
0.6
0.6
0.6
0.6
0.6
0.6
0.6
0.6
0.6
0.6
0.6
0.6
0.6
0.6
0.6
0.6
0.6
0.6
0.6
0.6
0.6
0.6
0.6
0.6
0.6
0.6
0.6
0.6
0.6
0.6
0.6
0.6
0.6
0.6
0.6
0.6
0.6
0.6
0.6
0.6
0.6
0.6
0.6
0.6
0.6
0.6
0.6
0.6
0.6
0.6
0.6
0.6
0.6
0.6
0.6
0.6
0.6
0.6
0.6
0.6
0.6
0.6
0.6
0.6
0.6
0.6
0.6
0.6
0.6
0.6
0.6
0.6
0.6
0.6
0.6
0.6
0.6
0.6
0.6
0.6
0.6
0.6
0.6
0.6
0.6
0.6
0.6
0.6
0.6
0.6
0.6
0.6
0.6
0.6
0.6
0.6
0.6
0.6
0.6
0.6
0.6
0.6
0.6
0.6
0.6
0.6
0.6
0.6
0.6
0.6
0.6
0.6
0.6
0.6
0.6
0.6
0.6
0.6
0.6
0.6
0.6
0.6
0.6
0.6
0.6
0.6
0.6
0.6
0.6
0.6
0.6
0.6
0.6
0.6
0.6
0.6
0.6
0.6
0.6
0.6
0.6
0.6
0.6
0.6
0.6
0.6
0.6
0.6
0.6
0.6
0.6
0.6
0.6
0.6
0.6
0.6
0.6
0.6
0.6
0.6
0.6
0.6
0.6
0.6
0.6
0.6
0.6
0.6
0.6
0.6
0.6
0.6
0.6
0.6
0.6
0.6
0.6
0.6
0.6
0.6
0.6
0.6
0.6
0.6
0.6
0.6
0.6
0.6
0.6
0.6
0.6
0.6
0.6
0.6
0.6
0.6
0.6
0.6
0.6
0.6
0.6
0.6
0.6
0.6
0.6
0.6
0.6
0.6
0.6
0.6
0.6
0.6
0.6
0.6
0.6
0.6
0.6
0.6
0.6
0.6
0.6
0.6
0.6
0.6
0.6
0.6
0.6
0.6
0.6
0.6
0.6
0.6
0.6
0.6
0.6
0.6
0.6
0.6
0.6
0.6
0.6
0.6
0.6
0.6
0.6
0.6
0.6
0.6
0.6
0.6
0.6
0.6
0.6
0.6
0.6
0.6
0.6
0.6
0.6
0.6
0.6
0.6
0.6
0.6
0.6
0.6
0.6
0.6
0.6
0.6
0.6
0.6
0.6
0.6
0.6
0.6
0.6
0.6
0.6
0.6
0.6
0.6
0.6
0.6
0.6
0.6
0.6
0.6
0.6
0.6
0.6
0.6
0.6
0.6
0.6
0.6
0.6
0.6
0.6
0.6
0.6
0.6
0.6
0.6
0.6
0.6
0.6
0.6
0.6
0.6
0.6
0.6
0.6
0.6
0.6
0.6
0.6
0.6
0.6
0.6
0.6
0.6
0.6
0.6
0.6
0.6
0.6
0.6
0.6
0.6
0.6
0.6
0.6
0.6
0.6
0.6
0.6
0.6
0.6
0.6
0.6
0.6
0.6
0.6
0.6
0.6
0.6
0.6
0.6
0.6
0.6
0.6
0.6
0.6
0.6
0.6
0.6
0.6
0.6
0.6
0.6
0.6
0.6
0.6
0.6
0.6
0.6
0.6
0.6
0.6
0.6
0.6
0.6
0.6
0.6
0.6
0.6
0.6
0.6
0.6
0.6
0.6
0.6
0.6
0.6
0.6
0.6
0.6
0.6
0.6
0.6
0.6
0.6
0.6
0.6
0.6
0.6
0.6
0.6
0.6
0.6
0.6
0.6
0.6
0.6
0.6
0.6
0.6
0.6
0.6
0.6
0.6
0.6
0.6
0.6
0.6
0.6
0.6
0.6
0.6
0.6
0.6
0.6
0.6
0.6
0.6
0.6
0.6
0.6
0.6
0.6
0.6
0.6
0.6
0.6
0.6
0.6
0.6
0.6
0.6
0.6
0.6
0.6
0.6
0.6
0.6
0.6
0.6
0.6
0.6
0.6
0.6
0.6
0.6
0.6
0.6
0.6
0.6
0.6
0.6
0.6
0.6
0.6
0.6
0.6
0.6
0.6
0.6
0.6
0.6
0.6
0.6
0.6
0.6
0.6
0.6
0.6
0.6
0.6
0.6
0.6
0.6
0.6
0.6
0.6
0.6
0.6
0.6
0.6
0.6
0.6
0.6
0.6
0.6
0.6
0.6
0.6
0.6
0.6
0.6
0.6
0.6
0.6
0.6
0.6
0.6
0.6
0.6
0.6
0.6
0.6
0.6
0.6
0.6
0.6
0.6
0.6
0.6
0.6
0.6
0.6
0.6
0.6
0.6
0.6
0.6
0.6
0.6
0.6
0.6
0.6
0.6
0.6
0.6
0.6
0.6
0.6
0.6
0.6
0.6
0.6
0.6
0.6
0.6
0.6
0.6
0.6
0.6
0.6
0.6
0.6
0.6
0.6
0.6
0.6
0.6
0.6
0.6
0.6
0.6
0.6
0.6
0.6
0.6
0.6
0.6
0.6
0.6
0.6
0.6
0.6
0.6
0.6
0.6
0.6
0.6
0.6
0.6
0.6
0.6
0.6
0.6
0.6
0.6
0.6
0.6
0.6
0.6
0.6
0.6
0.6
0.6
0.6
0.6
0.6
0.6
0.6
0.6
0.6
0.6
0.6
0.6
0.6
0.6
0.6
0.6
0.6
0.6
0.6
0.6
0.6
0.6
0.6
0.6
0.6
0.6
0.6
0.6
0.6
0.6
0.6
0.6
0.6
0.6
0.6
0.6
0.6
0.6
0.6
0.6
0.6
0.6
0.6
0.6
0.6
0.6
0.6
0.6
0.6
0.6
0.6
0.6
0.6
0.6
0.6
0.6
0.6
0.6
0.6
0.6
0.6
0.6
0.6
0.6
0.6
0.6
0.6
0.6
0.6
0.6
0.6
0.6
0.6
0.6
0.6
0.6
0.6
0.6
0.6
0.6
0.6
0.6
0.6
0.6
0.6
0.6
0.6
0.6
0.6
0.6
0.6
0.6
0.6
0.6
0.6
0.6
0.6
0.6
0.6
0.6
0.6
0.6
0.6
0.6
0.6
0.6
0.6
0.6
0.6
0.6
0.6
0.6
0.6
0.6
0.6
0.6
0.6
0.6
0.6
0.6
0.6
0.6
0.6
0.6
0.6
0.6
0.6
0.6
0.6
0.6
0.6
0.6
0.6
0.6
0.6
0.6
0.6
0.6
0.6
0.6
0.6
0.6
0.6
0.6
0.6
0.6
0.6
0.6
0.6
0.6
0.6
0.6
0.6
0.6
0.6
0.6
0.6
0.6
0.6
0.6
0.6
0.6
0.6
0.6
0.6
0.6
0.6
0.6
0.6
0.6
0.6
0.6
0.6
0.6
0.6
0.6
0.6
0.6
0.6
0.6
0.6
0.6
0.6
0.6
0.6
0.6
0.6
0.6
0.6
0.6
0.6
0.6
0.6
0.6
0.6
0.6
0.6
0.6
0.6
0.6
0.6
0.6
0.6
0.6
0.6
0.6
0.6
0.6
0.6
0.6
0.6
0.6
0.6
0.6
0.6
0.6
0.6
0.6
0.6
0.6
0.6
0.6
0.6
0.6
0.6
0.6
0.6
0.6
0.6
0.6
0.6
0.6
0.6
0.6
0.6
0.6
0.6
0.6
0.6
0.6
0.6
0.6
0.6
0.6
0.6
0.6
0.6
0.6
0.6
0.6
0.6
0.6
0.6
0.6
0.6
0.6
0.6
0.6
0.6
0.6
0.6
0.6
0.6
0.6
0.6
0.6
